0.8621092809738317
0.7328658779048353
0.8465315996159598
     0    1    2    3    4    5    6    7    8    9    A    B    C    D    E    F    G    H    I    J    K    L    M    N    O    P    Q    R    S    T    U    V    W    X    Y    Z    a    b    c    d    e    f    g    h    i    j    k    l    m    n    o    p    q    r    s    t    u    v    w    x    y    z
[[2175    0    2    0    1    0    4    0    2    0    0    1    5   13    0    0    0    0    0    0    0    0    0    0  621    0    1    0    0    0    3    0    0    0    0    0    5    0    0    0    0    0    1    0    0    0    0    0    0    4    0    0    0    0    0    0    0    0    0    0    0    0]
 [   0 3017    2    0    0    0    0    5    0    0    0    0    0    0    0    0    0    0   71    0    0    3    0    0    0    0    0    0    0    0    0    0    0    0    0    0    0    0    0    0    0    0    0    0   17    0    0   68    0    1    0    0    0    1    0    0    0    0    0    0    0    0]
 [   0    0 2855    4    0    0    0    3    1    0    0    0    0    0    0    0    0    0    1    1    0    4    0    0    0    0    1    0    0    0    1    1    0    0    1   12   17    0    0    3    0    0    5    1    0    0    0    0    0    2    0    0    0    0    0    0    0    0    0    0    0   25]
 [   0    1    6 2940    0    4    0    2    0    1    0    2    0    0    0    0    0    0    0    0    0    0    0    0    0    0    0    0    4    0    0    0    0    0    0    0    0    0    0    0    1    0    4    0    0    0    0    0    0    1    0    0    0    0    0    0    0    0    0    0    0    1]
 [   0    1    0    0 2765    0    2    2    2    9    7    0    0    0    0    0    0    5    0    0    0    0    0    1    0    0    0    0    0    0    7    0    0    0    3    0    1    0    0    0    0    1    0    4    0    0    0    0    0    1    0    0    0    1    0    4    0    0    0    3    6    0]
 [   1    0    0    7    0 2346    1    0    2    3    0    0    3    0    1    0    0    0    0    4    0    0    0    0    0    0    0    0  264    0    0    0    0    0    0    0    0    0    0    0    0    0    2    0    0    0    0    0    0    0    0    0    0    1    0    0    0    0    0    0    0    0]
 [   4    1    0    0    1    1 2756    0    1    0    0    0    4    0    2    0    3    0    0    0    0    8    0    0    2    0    0    0    1    0    1    0    0    0    0    0    1   22    0    0    0    0    0    1    0    0    0    1    0    0    0    0    0    0    0    0    0    0    0    1    0    0]
 [   0    2    3    2    0    0    0 3022    0    4    0    0    0    0    0    0    0    0    0    0    0    0    0    0    0    0    0    0    0    2    0    0    0    0    1    1    0    0    0    0    0    0    0    0    0    0    0    0    0    1    0    0    0    0    0    0    0    0    0    0    1    0]
 [   3    0    1    0    1    0    3    1 2773    1    0    8    0    0    0    2    0    0    1    0    0    0    0    1    1    4    0    0    7    0    1    0    0    2    0    0    1    0    0    1    1    0   13    0    1    0    0    0    0    0    0    0    8    1    0    0    0    0    0    0    0    0]
 [   0    0    0    1    7    0    0    4    3 2743    0    0    0    0    0    0    0    0    0    0    0    0    0    0    0    0    0    0    1    0    0    0    0    0    1    0    8    0    0    0    2    0   57    0    0    0    0    0    0    0    0    0   12    0    0    0    0    0    0    0    0    0]
 [   0    1    1    0    1    0    0    0    0    0  508    0    0    0    0    0    0    2    1    0    0    0    0    0    0    0    0    0    0    0    0    0    0    0    0    0    2    0    0    0    0    0    0    0    0    0    1    0    0    2    0    0    0    0    0    2    0    0    0    1    0    0]
 [   0    0    0    5    0    0    0    0    4    0    1  302    0    1    1    0    1    0    0    0    0    0    1    0    0    0    0    1    1    0    0    0    0    0    0    0    0    0    0    0    0    0    1    0    0    0    0    0    0    0    0    0    0    0    0    0    0    0    0    0    0    0]
 [   2    0    0    0    0    0    1    0    0    0    0    0  816    0    2    0    0    0    1    0    0    4    0    0    2    0    0    0    0    0    1    0    0    0    0    1    2    0    3    0   33    0    0    0    0    0    0    2    0    1    0    0    0    1    0    1    0    0    0    0    0    0]
 [  26    0    1    0    0    0    0    2    0    0    0    0    0  360    0    0    0    0    0    0    0    0    0    0   11    0    1    0    0    0    0    0    0    0    0    0    0    0    0    1    0    0    0    0    0    0    0    0    0    0    0    0    0    0    0    0    0    0    0    0    0    0]
 [   0    0    0    0    0    0    0    0    0    0    0    0    2    0  409    1    0    0    0    0    0    0    0    0    0    0    0    1    0    0    0    0    0    0    0    0    1    0    0    0    6    0    0    0    0    0    0    0    0    0    0    0    0    1    0    1    0    0    0    0    0    0]
 [   0    0    0    0    0    0    0    0    4    0    0    0    0    0    2  673    0    0    0    0    0    0    0    0    0    5    0    1    0    2    0    0    0    0    0    0    0    0    0    1    0   19    1    0    0    0    0    0    0    0    0    0    0    4    0    4    0    0    0    0    0    0]
 [   0    0    0    0    0    0   18    0    0    1    0    0    2    0    1    0  199    0    0    0    0    0    0    0    0    0    0    0    1    0    0    0    0    0    1    0    0    0    0    0    0    0    5    0    0    0    0    0    0    0    0    0    0    0    0    0    0    0    0    0    0    0]
 [   0    0    0    0    0    0    0    0    1    0    3    0    0    0    0    0    0  268    0    0    0    0    2    3    0    0    0    0    0    0    2    0    1    0    0    0    0    0    0    0    0    0    0    0    0    0    1    0    0    1    0    0    0    0    0    0    0    0    0    0    0    0]
 [   0  517    2    0    0    0    0    0    0    0    0    0    2    1    1    2    0    0  445    1    0    0    0    0    0    0    0    0    1    0    0    0    0    0    0    1    0    0    0    0    0    0    0    0   25    0    0   48    0    1    0    1    0    1    0    0    0    0    0    0    0    1]
 [   0    1    0    1    0    2    0    0    0    1    0    0    0    0    0    1    0    0    1  276    0    0    0    0    0    0    0    0    3    1    2    1    0    0    1    0    0    0    0    2    0    0    1    0    0   17    0    0    0    0    0    0    0    0    0    0    0    1    0    0    1    0]
 [   0    0    0    0    0    0    0    0    0    0    0    0    0    0    0    0    0    0    0    0  136    0    0    0    0    0    0    2    0    0    0    0    0    4    0    0    0    0    0    0    0    0    0    0    0    0   45    0    0    1    0    0    0    1    0    0    0    0    0    0    0    0]
 [   0    1    0    0    0    1    3    0    0    0    0    0    7    0    0    0    0    0    0    0    0  392    0    0    0    0    0    1    0    0    0    0    0    0    0    0    0    0    0    0    0    0    0    2    0    0    0    2    0    0    0    0    0    0    0    1    0    0    0    0    0    0]
 [   0    0    0    0    1    0    0    0    0    0    1    0    0    0    0    0    0    2    0    0    0    0  757    0    0    0    0    0    0    0    0    0    0    0    0    0    0    0    0    0    0    0    0    1    0    0    0    0   10    4    0    0    0    0    0    0    0    0    0    0    0    0]
 [   0    0    0    0    0    0    0    0    0    0    1    0    0    0    0    0    0    2    0    0    0    0    2  686    0    0    0    0    0    0    2    0    1    0    0    0    0    0    0    0    0    0    0    0    0    0    0    0    0   10    0    0    0    2    0    0    0    0    0    0    0    0]
 [ 814    0    0    0    0    0    0    0    0    0    0    0    2    8    0    0    0    0    0    0    0    0    1    0 1301    0    3    0    0    0    0    0    0    0    0    0    6    0    0    1    0    0    0    0    0    0    0    0    0    1    0    0    0    0    0    0    0    0    0    0    0    0]
 [   1    0    0    1    0    0    0    1    2    0    0    0    0    4    0    2    0    0    0    0    0    0    0    0    0  660    1    0    0    0    0    0    0    0    0    0    0    0    0    0    0    0    0    0    0    0    0    1    0    0    0   49    0    2    0    0    0    0    0    0    0    0]
 [   2    0    0    0    0    0    0    0    0    0    0    0    0    0    0    0    1    0    0    0    0    0    0    0    0    0  161    0    0    0    0    0    0    0    0    0   13    0    0    0    0    0    3    0    0    0    0    0    0    0    0    0    2    0    0    0    0    0    0    0    0    0]
 [   0    0    0    0    0    0    0    0    0    0    2    1    0    0    0    0    0    0    0    0    0    0    0    0    0    0    0  383    0    0    0    0    0    0    0    0    0    0    0    0    4    0    0    0    0    0    0    0    0    0    0    0    0    0    0    0    0    0    0    0    0    0]
 [   0    0    0    0    0   38    1    0    3    2    0    0    0    0    0    0    0    0    0    2    0    0    0    1    0    0    0    0 1677    0    0    1    0    0    0    0    0    0    0    0    1    0    5    1    0    0    0    0    0    0    0    0    0    0    0    1    0    0    0    0    0    0]
 [   0    0    0    0    0    0    0    7    1    0    0    0    0    0    0    0    0    0    0    1    0    0    0    0    0    0    0    0    1  754    0    0    0    0    0    0    0    0    0    0    0    0    0    0    0    0    0    0    0    0    0    0    0    8    0   39    0    0    0    0    0    0]
 [   8    0    0    0    9    0    3    0    0    0    0    0    3    0    0    0    0    0    0    0    0    0    1    0    0    0    0    0    1    0  940   11    2    0    0    0    1    0    0    0    0    0    0    0    0    0    0    0    0    1    0    0    0    0    0    0   16    3    2    0    0    0]
 [   0    0    0    0    0    0    0    0    0    0    0    0    0    0    0    0    0    0    0    1    0    0    0    1    0    0    0    0    0    0   25  296    1    0    1    0    0    0    0    0    0    0    0    0    0    0    0    0    0    0    0    0    0   11    0    0    0   60    0    0    1    0]
 [   0    0    0    0    0    0    0    0    0    0    0    0    0    0    0    0    0    0    0    0    0    0    1    5    0    0    0    0    0    0    4    0  309    1    0    0    3    0    0    0    0    0    0    0    0    0    0    0    0    0    0    0    0    0    0    0    1    0   63    0    0    0]
 [   0    0    0    0    0    0    0    0    0    0    0    0    0    0    0    0    0    0    0    0    0    0    0    0    0    0    0    0    0    0    1    0    0  164    0    0    0    0    0    0    0    0    0    1    0    0    1    0    0    0    0    0    0    0    0    0    0    0    0   30    0    0]
 [   0    2    0    0   37    0    0    7    1    2    0    0    0    0    0    0    0    0    0    0    1    0    0    0    0    0    0    0    0    1    0    4    0    4  246    0    0    1    0    0    0    0    0    0    0    0    0    0    0    0    0    0    0    5    0    0    0    1    0    0   82    0]
 [   0    0   53    0    0    0    0    1    0    0    0    0    0    0    0    0    0    0    0    0    0    0    0    0    0    0    0    0    0    0    0    0    0    0    0  134    0    0    0    0    0    0    0    0    0    0    0    0    0    0    0    0    0    0    0    1    0    0    0    0    0   61]
 [   0    0   13    0    0    0    0    1    0    6    9    0    1    0    0    0    0    0    0    0    0    0    0    0    1    0    1    0    0    0    1    0    0    0    0    0  741    0    0    1    4    0    0    1    0    0    0    0    0    2    0    0    2    0    0    0    0    0    0    0    0    0]
 [   1    0    1    0    0    2   44    0    0    0    0   10    0    0    0    0    0    0    0    0    0    0    0    0    0    0    0    0    2    0    0    0    0    0    0    0    0  357    0    0    1    0    2    1    0    0    0    0    0    0    0    0    0    0    0    0    0    0    0    0    0    0]
 [   0    0    0    0    0    0    0    0    0    0    0    0  230    0    0    0    0    0    0    0    0    1    0    0    1    0    0    0    0    0    0    0    0    0    0    0    2    0    4    0    4    0    0    0    0    0    0    0    0    0    0    0    0    0    0    0    0    0    0    0    0    0]
 [   0    0    2    0    0    0    0    0    0    0    0    0    0    2    0    0    0    0    0    0    0    0    0    1    1    0    0    1    0    0    0    0    0    0    0    0    7    0    0  812    0    0    0    0    0    1    0    1    0    2    0    0    0    0    0    0    0    0    0    0    0    0]
 [   0    0    0    1    0    0    0    0    0    0    0    0   10    0   10    1    0    0    0    0    0    0    0    0    0    0    0    2    0    0    0    0    0    0    0    0    1    0    0    1 1955    0    0    1    0    0    0    1    0    0    0    0    0    0    0    2    0    0    0    0    0    0]
 [   0    0    0    0    0    0    0    0    0    0    0    0    1    0    0  169    1    0    0    0    0    0    0    0    0    0    0    0    1    0    0    0    0    0    0    0    0    0    0    0    1   23    1    1    0    0    0    0    0    0    0    0    0    1    0    8    0    0    0    0    0    0]
 [   0    0    1    1    0    1    1    0   10   61    0    1    0    1    0    0    3    0    0    0    0    0    0    0    0    0    0    1    5    0    0    0    0    0    0    0    9    0    0    0    0    0  189    0    0    0    0    0    0    1    0    0   10    1    0    0    0    0    0    0    0    0]
 [   0    0    0    0    0    0    1    0    0    0    3    0    0    0    0    1    0    6    0    0    0    9    1    0    0    0    0    0    0    0    0    0    0    1    0    0    0    1    0    1    0    0    0  683    0    0    2    1    0   18    0    0    0    0    0    0    0    0    0    1    0    0]
 [   0   57    0    0    0    0    1    1    0    0    1    0    0    0    0    0    0    0   26    0    0    1    0    0    0    0    0    0    0    0    0    0    0    0    0    0    0    0    0    0    0    0    0    0   92    2    0    8    0    0    0    0    0    0    0    0    0    0    0    0    0    0]
 [   0    1    1    0    0    0    0    0    1    0    0    0    0    0    0    1    0    0    0   34    0    0    0    0    0    0    0    0    0    0    0    0    0    0    0    1    0    0    0    3    0    0    2    0    8   93    0    1    0    1    0    0    0    0    0    1    0    1    0    0    0    0]
 [   0    0    0    0    0    0    0    0    0    0    0    0    0    0    1    0    0    1    0    0   77    2    0    0    0    0    0    1    0    0    0    0    0    1    0    0    0    0    0    0    0    0    0    1    0    0  159    0    0    1    0    0    0    3    0    0    0    0    0    0    0    0]
 [   0  983    0    0    0    0    0    1    0    0    0    0    1    0    0    1    0    0   94    0    0   16    0    0    0    0    0    0    0    0    0    0    0    0    0    0    0    1    1    1    1    0    0    0   13    1    0  150    0    0    0    0    0    1    0    0    0    0    0    0    0    0]
 [   0    0    0    0    0    0    0    0    0    0    0    0    0    0    0    0    0    0    0    0    0    0  222    0    0    0    0    0    0    0    0    0    0    0    0    0    0    0    0    0    0    0    0    0    0    0    0    0    2    2    0    0    0    0    0    0    0    0    0    0    0    0]
 [   0    0    0    0    0    0    0    0    0    0    0    0    0    0    0    0    0    0    1    0    0    0    3   31    0    0    0    1    1    0    2    0    0    0    0    0    2    0    0    0    0    0    0    6    0    0    1    0    1  930    0    0    0    1    0    0    0    0    0    0    0    1]
 [  98    0    0    0    0    1    0    0    0    1    0    0    0    3    0    0    0    0    0    1    0    0    0    0  122    0    1    0    0    0    1    0    0    0    0    0    3    0    0    0    0    0    0    0    0    0    0    0    0    1    0    0    0    0    0    0    0    0    0    0    0    0]
 [   0    0    0    0    0    0    0    0    1    0    0    0    0    3    0    1    0    0    0    0    0    0    0    0    0   97    0    0    0    0    0    0    0    0    0    0    0    0    0    1    5    0    0    0    0    0    0    0    0    0    0   78    0    2    0    0    0    0    0    0    0    0]
 [   0    0    0    0    3    0    0    0    6   87    0    0    0    0    0    0    0    0    0    0    0    0    0    0    2    0    5    0    0    0    0    0    0    0    0    0    7    0    0    0    0    1   23    0    0    0    0    0    0    0    0    0   96    0    0    0    0    0    0    0    0    0]
 [   0    3    0    0    0    1    0    0    0    0    1    0    2    0    0    0    0    0    0    0    0    0    0    0    0    1    0   14    0    2    1    4    0    0    0    0    1    0    0    0    3    0    0    1    0    0    0    0    0    5    0    1    0 1112    0    1    0    1    0    0    0    0]
 [   0    0    0    1    0    3    0    0    1    1    0    0    0    1    0    0    0    0    0    0    0    0    0    0    0    0    0    0  196    0    0    0    0    0    0    0    3    0    0    1    0    0    1    0    1    0    0    0    0    0    0    0    0    1    1    0    0    0    0    0    0    0]
 [   0    3    1    0    5    0    1    1    0    0    2    0    0    0    2   10    0    0    1    0    1    0    0    0    0    0    0    0    2   46    0    0    0    0    0    0    0    1    0    0    0    1    0    1    0    0    0    0    0    0    0    0    0    5    0 1383    0    0    0    1    0    2]
 [   0    0    0    0    9    0    0    0    0    0    0    0    0    0    0    0    0    0    0    0    0    0    0    0    0    0    0    0    0    0  221    3    0    0    0    0    0    0    0    0    0    0    0    0    0    0    0    0    1    2    0    0    0    0    0    0   16    0    0    0    1    0]
 [   0    0    0    0    0    0    0    0    0    0    0    0    0    0    0    0    0    1    0    2    0    0    0    1    0    0    0    0    0    0   10  148    0    0    0    0    0    0    0    0    0    0    0    0    0    0    0    0    0    0    0    0    0    5    0    0    0   82    0    0    7    0]
 [   0    0    0    0    0    0    1    0    0    0    0    0    0    0    0    0    0    0    0    0    0    0    0    2    0    0    0    0    0    0    2    0   63    0    0    0    1    0    0    0    0    0    0    0    0    0    0    0    2    0    0    0    0    0    0    0    0    0  157    0    0    0]
 [   0    0    1    0    1    0    0    0    0    0    0    0    0    0    0    0    0    0    0    0    0    0    0    1    0    0    0    0    0    0    0    1    0   83    1    0    0    0    0    0    0    0    0    0    0    0    2    0    0    1    0    0    0    0    0    2    0    0    0  143    1    1]
 [   0    0    0    0   26    0    0    2    0    0    0    0    0    0    0    0    0    0    0    0    0    0    1    0    0    0    0    0    0    0    3    1    0    1   44    0    0    0    0    0    0    0    1    0    0    0    0    0    0    0    0    0    0    1    0    0    1    5    0    2  110    0]
 [   0    0   54    3    0    1    0    0    1    0    0    0    0    0    0    0    0    0    1    0    0    1    0    0    0    0    0    0    0    0    0    0    0    0    0   35    0    0    0    0    2    0    0    0    0    0    0    0    0    1    0    0    0    0    0    0    0    0    0    1    0  130]]
              precision    recall  f1-score   support

           0       0.69      0.77      0.73      2838
           1       0.66      0.95      0.78      3185
           2       0.95      0.97      0.96      2938
           3       0.99      0.99      0.99      2967
           4       0.96      0.98      0.97      2825
           5       0.98      0.89      0.93      2635
           6       0.97      0.98      0.98      2811
           7       0.99      0.99      0.99      3039
           8       0.98      0.98      0.98      2836
           9       0.94      0.97      0.95      2839
          10       0.94      0.97      0.96       522
          11       0.93      0.95      0.94       319
          12       0.75      0.93      0.83       873
          13       0.91      0.90      0.90       402
          14       0.95      0.97      0.96       422
          15       0.78      0.94      0.85       716
          16       0.96      0.87      0.91       228
          17       0.93      0.95      0.94       282
          18       0.69      0.42      0.53      1050
          19       0.85      0.88      0.87       313
          20       0.63      0.72      0.67       189
          21       0.89      0.96      0.92       410
          22       0.76      0.98      0.86       776
          23       0.93      0.97      0.95       706
          24       0.63      0.61      0.62      2137
          25       0.86      0.91      0.89       724
          26       0.92      0.88      0.90       182
          27       0.94      0.98      0.96       390
          28       0.77      0.97      0.86      1733
          29       0.93      0.93      0.93       811
          30       0.76      0.94      0.84      1001
          31       0.63      0.75      0.68       397
          32       0.82      0.80      0.81       387
          33       0.63      0.83      0.72       197
          34       0.82      0.62      0.71       394
          35       0.72      0.54      0.62       250
          36       0.88      0.95      0.91       784
          37       0.93      0.85      0.89       421
          38       0.50      0.02      0.03       242
          39       0.98      0.98      0.98       830
          40       0.97      0.98      0.98      1985
          41       0.51      0.11      0.18       207
          42       0.60      0.64      0.62       296
          43       0.97      0.94      0.95       729
          44       0.59      0.49      0.53       189
          45       0.82      0.62      0.71       149
          46       0.75      0.64      0.69       247
          47       0.53      0.12      0.19      1265
          48       0.12      0.01      0.02       226
          49       0.93      0.95      0.94       981
          50       0.00      0.00      0.00       232
          51       0.60      0.41      0.49       188
          52       0.74      0.42      0.53       230
          53       0.95      0.96      0.96      1154
          54       1.00      0.00      0.01       211
          55       0.95      0.94      0.95      1469
          56       0.47      0.06      0.11       253
          57       0.53      0.32      0.40       256
          58       0.71      0.69      0.70       228
          59       0.78      0.60      0.68       238
          60       0.52      0.56      0.54       198
          61       0.59      0.57      0.58       230

    accuracy                           0.86     58162
   macro avg       0.78      0.73      0.73     58162
weighted avg       0.85      0.86      0.85     58162
